init iteration data for 60,30

 It.:    1 Obj.:   391.9097 Vol.:  0.500 ch.:  0.200

top88_print(4,3,0.5,3,1.5,1)

init change 

    0.2000

----------------------------------
init x = init xPhys

    0.5000    0.5000    0.5000    0.5000
    0.5000    0.5000    0.5000    0.5000
    0.5000    0.5000    0.5000    0.5000

x is verified
-----------------------------------

-----------------------------------
init Ex

    0.1250    0.1250    0.1250    0.1250
    0.1250    0.1250    0.1250    0.1250
    0.1250    0.1250    0.1250    0.1250

Ex is verified
------------------------------------
------------------------------------
KE

    0.4945    0.1786   -0.3022   -0.0137   -0.2473   -0.1786    0.0549    0.0137
    0.1786    0.4945    0.0137    0.0549   -0.1786   -0.2473   -0.0137   -0.3022
   -0.3022    0.0137    0.4945   -0.1786    0.0549   -0.0137   -0.2473    0.1786
   -0.0137    0.0549   -0.1786    0.4945    0.0137   -0.3022    0.1786   -0.2473
   -0.2473   -0.1786    0.0549    0.0137    0.4945    0.1786   -0.3022   -0.0137
   -0.1786   -0.2473   -0.0137   -0.3022    0.1786    0.4945    0.0137    0.0549
    0.0549   -0.0137   -0.2473    0.1786   -0.3022    0.0137    0.4945   -0.1786
    0.0137   -0.3022    0.1786   -0.2473   -0.0137    0.0549   -0.1786    0.4945

KE is verified
------------------------------------
------------------------------------
U = K\F

         0
 -130.5014
         0
 -118.9464
         0
 -113.5074
         0
 -108.9378
  -17.8605
 -102.7320
   -2.2086
 -106.7005
    5.9591
 -105.0398
   17.2087
 -101.4649
  -28.7646
  -79.8727
   -7.6530
  -81.8371
    9.8459
  -83.1878
   31.2478
  -81.0737
  -34.0863
  -52.3683
  -10.8581
  -52.5561
   10.3152
  -51.8807
   41.6783
  -52.3774
  -35.2371
  -26.3222
  -11.2953
  -25.0355
   11.5967
  -17.7949
   49.0345
         0

U is verified
------------------------------------
----------------------------------
ce

  268.7111   82.8391   34.0601    5.5784
   38.4689   55.2591   50.2367   51.5880
  152.4618  102.2136   48.5990  153.9953
ce is verified
--------------------------------------
---------------------------------------
c

  130.5014
c is verified
------------------------------
-------------------------------------
dc

 -201.5333  -62.1293  -25.5451   -4.1838
  -28.8517  -41.4443  -37.6775  -38.6910
 -114.3464  -76.6602  -36.4493 -115.4965

dc is verified
-------------------------------------
---------------------------------
init dv

     1     1     1     1
     1     1     1     1
     1     1     1     1

dv is verified
------------------------------
---------------------------------
dc in filter ft == 1 (line 65)

 -135.8758  -73.5164  -30.6433  -16.0980
  -73.7318  -51.3231  -38.9666  -44.7834
  -88.1089  -68.3628  -55.6398  -82.7783

dc is verified
------------------------------------
---------------------------------
dc in filter ft == 2

 -132.1766  -79.3942  -29.5589  -13.3949
  -83.8715  -59.6631  -43.6954  -48.0197
  -83.8908  -71.1268  -58.5308  -79.6858

dv in filter ft == 2

    0.9177    1.0034    1.0034    0.9177
    1.0439    1.1138    1.1138    1.0439
    0.9177    1.0034    1.0034    0.9177

dc and dv in filter 2 are verified
-------------------------------------------
---------------------------------------
iK

     3
     4
    11
    12
     9
    10
     1
     2
     3
     4
    11
    12
     9
    10
     1
     2
     3
     4
    11
    12
     9
    10
     1
     2
     3
     4
    11
    12
     9
    10
     1
     2
     3
     4
    11
    12
     9
    10
     1
     2
     3
     4
    11
    12
     9
    10
     1
     2
     3
     4
    11
    12
     9
    10
     1
     2
     3
     4
    11
    12
     9
    10
     1
     2
     5
     6
    13
    14
    11
    12
     3
     4
     5
     6
    13
    14
    11
    12
     3
     4
     5
     6
    13
    14
    11
    12
     3
     4
     5
     6
    13
    14
    11
    12
     3
     4
     5
     6
    13
    14
    11
    12
     3
     4
     5
     6
    13
    14
    11
    12
     3
     4
     5
     6
    13
    14
    11
    12
     3
     4
     5
     6
    13
    14
    11
    12
     3
     4
     7
     8
    15
    16
    13
    14
     5
     6
     7
     8
    15
    16
    13
    14
     5
     6
     7
     8
    15
    16
    13
    14
     5
     6
     7
     8
    15
    16
    13
    14
     5
     6
     7
     8
    15
    16
    13
    14
     5
     6
     7
     8
    15
    16
    13
    14
     5
     6
     7
     8
    15
    16
    13
    14
     5
     6
     7
     8
    15
    16
    13
    14
     5
     6
    11
    12
    19
    20
    17
    18
     9
    10
    11
    12
    19
    20
    17
    18
     9
    10
    11
    12
    19
    20
    17
    18
     9
    10
    11
    12
    19
    20
    17
    18
     9
    10
    11
    12
    19
    20
    17
    18
     9
    10
    11
    12
    19
    20
    17
    18
     9
    10
    11
    12
    19
    20
    17
    18
     9
    10
    11
    12
    19
    20
    17
    18
     9
    10
    13
    14
    21
    22
    19
    20
    11
    12
    13
    14
    21
    22
    19
    20
    11
    12
    13
    14
    21
    22
    19
    20
    11
    12
    13
    14
    21
    22
    19
    20
    11
    12
    13
    14
    21
    22
    19
    20
    11
    12
    13
    14
    21
    22
    19
    20
    11
    12
    13
    14
    21
    22
    19
    20
    11
    12
    13
    14
    21
    22
    19
    20
    11
    12
    15
    16
    23
    24
    21
    22
    13
    14
    15
    16
    23
    24
    21
    22
    13
    14
    15
    16
    23
    24
    21
    22
    13
    14
    15
    16
    23
    24
    21
    22
    13
    14
    15
    16
    23
    24
    21
    22
    13
    14
    15
    16
    23
    24
    21
    22
    13
    14
    15
    16
    23
    24
    21
    22
    13
    14
    15
    16
    23
    24
    21
    22
    13
    14
    19
    20
    27
    28
    25
    26
    17
    18
    19
    20
    27
    28
    25
    26
    17
    18
    19
    20
    27
    28
    25
    26
    17
    18
    19
    20
    27
    28
    25
    26
    17
    18
    19
    20
    27
    28
    25
    26
    17
    18
    19
    20
    27
    28
    25
    26
    17
    18
    19
    20
    27
    28
    25
    26
    17
    18
    19
    20
    27
    28
    25
    26
    17
    18
    21
    22
    29
    30
    27
    28
    19
    20
    21
    22
    29
    30
    27
    28
    19
    20
    21
    22
    29
    30
    27
    28
    19
    20
    21
    22
    29
    30
    27
    28
    19
    20
    21
    22
    29
    30
    27
    28
    19
    20
    21
    22
    29
    30
    27
    28
    19
    20
    21
    22
    29
    30
    27
    28
    19
    20
    21
    22
    29
    30
    27
    28
    19
    20
    23
    24
    31
    32
    29
    30
    21
    22
    23
    24
    31
    32
    29
    30
    21
    22
    23
    24
    31
    32
    29
    30
    21
    22
    23
    24
    31
    32
    29
    30
    21
    22
    23
    24
    31
    32
    29
    30
    21
    22
    23
    24
    31
    32
    29
    30
    21
    22
    23
    24
    31
    32
    29
    30
    21
    22
    23
    24
    31
    32
    29
    30
    21
    22
    27
    28
    35
    36
    33
    34
    25
    26
    27
    28
    35
    36
    33
    34
    25
    26
    27
    28
    35
    36
    33
    34
    25
    26
    27
    28
    35
    36
    33
    34
    25
    26
    27
    28
    35
    36
    33
    34
    25
    26
    27
    28
    35
    36
    33
    34
    25
    26
    27
    28
    35
    36
    33
    34
    25
    26
    27
    28
    35
    36
    33
    34
    25
    26
    29
    30
    37
    38
    35
    36
    27
    28
    29
    30
    37
    38
    35
    36
    27
    28
    29
    30
    37
    38
    35
    36
    27
    28
    29
    30
    37
    38
    35
    36
    27
    28
    29
    30
    37
    38
    35
    36
    27
    28
    29
    30
    37
    38
    35
    36
    27
    28
    29
    30
    37
    38
    35
    36
    27
    28
    29
    30
    37
    38
    35
    36
    27
    28
    31
    32
    39
    40
    37
    38
    29
    30
    31
    32
    39
    40
    37
    38
    29
    30
    31
    32
    39
    40
    37
    38
    29
    30
    31
    32
    39
    40
    37
    38
    29
    30
    31
    32
    39
    40
    37
    38
    29
    30
    31
    32
    39
    40
    37
    38
    29
    30
    31
    32
    39
    40
    37
    38
    29
    30
    31
    32
    39
    40
    37
    38
    29
    30

ik is verified
-----------------------------
-----------------------------
jK

     3
     3
     3
     3
     3
     3
     3
     3
     4
     4
     4
     4
     4
     4
     4
     4
    11
    11
    11
    11
    11
    11
    11
    11
    12
    12
    12
    12
    12
    12
    12
    12
     9
     9
     9
     9
     9
     9
     9
     9
    10
    10
    10
    10
    10
    10
    10
    10
     1
     1
     1
     1
     1
     1
     1
     1
     2
     2
     2
     2
     2
     2
     2
     2
     5
     5
     5
     5
     5
     5
     5
     5
     6
     6
     6
     6
     6
     6
     6
     6
    13
    13
    13
    13
    13
    13
    13
    13
    14
    14
    14
    14
    14
    14
    14
    14
    11
    11
    11
    11
    11
    11
    11
    11
    12
    12
    12
    12
    12
    12
    12
    12
     3
     3
     3
     3
     3
     3
     3
     3
     4
     4
     4
     4
     4
     4
     4
     4
     7
     7
     7
     7
     7
     7
     7
     7
     8
     8
     8
     8
     8
     8
     8
     8
    15
    15
    15
    15
    15
    15
    15
    15
    16
    16
    16
    16
    16
    16
    16
    16
    13
    13
    13
    13
    13
    13
    13
    13
    14
    14
    14
    14
    14
    14
    14
    14
     5
     5
     5
     5
     5
     5
     5
     5
     6
     6
     6
     6
     6
     6
     6
     6
    11
    11
    11
    11
    11
    11
    11
    11
    12
    12
    12
    12
    12
    12
    12
    12
    19
    19
    19
    19
    19
    19
    19
    19
    20
    20
    20
    20
    20
    20
    20
    20
    17
    17
    17
    17
    17
    17
    17
    17
    18
    18
    18
    18
    18
    18
    18
    18
     9
     9
     9
     9
     9
     9
     9
     9
    10
    10
    10
    10
    10
    10
    10
    10
    13
    13
    13
    13
    13
    13
    13
    13
    14
    14
    14
    14
    14
    14
    14
    14
    21
    21
    21
    21
    21
    21
    21
    21
    22
    22
    22
    22
    22
    22
    22
    22
    19
    19
    19
    19
    19
    19
    19
    19
    20
    20
    20
    20
    20
    20
    20
    20
    11
    11
    11
    11
    11
    11
    11
    11
    12
    12
    12
    12
    12
    12
    12
    12
    15
    15
    15
    15
    15
    15
    15
    15
    16
    16
    16
    16
    16
    16
    16
    16
    23
    23
    23
    23
    23
    23
    23
    23
    24
    24
    24
    24
    24
    24
    24
    24
    21
    21
    21
    21
    21
    21
    21
    21
    22
    22
    22
    22
    22
    22
    22
    22
    13
    13
    13
    13
    13
    13
    13
    13
    14
    14
    14
    14
    14
    14
    14
    14
    19
    19
    19
    19
    19
    19
    19
    19
    20
    20
    20
    20
    20
    20
    20
    20
    27
    27
    27
    27
    27
    27
    27
    27
    28
    28
    28
    28
    28
    28
    28
    28
    25
    25
    25
    25
    25
    25
    25
    25
    26
    26
    26
    26
    26
    26
    26
    26
    17
    17
    17
    17
    17
    17
    17
    17
    18
    18
    18
    18
    18
    18
    18
    18
    21
    21
    21
    21
    21
    21
    21
    21
    22
    22
    22
    22
    22
    22
    22
    22
    29
    29
    29
    29
    29
    29
    29
    29
    30
    30
    30
    30
    30
    30
    30
    30
    27
    27
    27
    27
    27
    27
    27
    27
    28
    28
    28
    28
    28
    28
    28
    28
    19
    19
    19
    19
    19
    19
    19
    19
    20
    20
    20
    20
    20
    20
    20
    20
    23
    23
    23
    23
    23
    23
    23
    23
    24
    24
    24
    24
    24
    24
    24
    24
    31
    31
    31
    31
    31
    31
    31
    31
    32
    32
    32
    32
    32
    32
    32
    32
    29
    29
    29
    29
    29
    29
    29
    29
    30
    30
    30
    30
    30
    30
    30
    30
    21
    21
    21
    21
    21
    21
    21
    21
    22
    22
    22
    22
    22
    22
    22
    22
    27
    27
    27
    27
    27
    27
    27
    27
    28
    28
    28
    28
    28
    28
    28
    28
    35
    35
    35
    35
    35
    35
    35
    35
    36
    36
    36
    36
    36
    36
    36
    36
    33
    33
    33
    33
    33
    33
    33
    33
    34
    34
    34
    34
    34
    34
    34
    34
    25
    25
    25
    25
    25
    25
    25
    25
    26
    26
    26
    26
    26
    26
    26
    26
    29
    29
    29
    29
    29
    29
    29
    29
    30
    30
    30
    30
    30
    30
    30
    30
    37
    37
    37
    37
    37
    37
    37
    37
    38
    38
    38
    38
    38
    38
    38
    38
    35
    35
    35
    35
    35
    35
    35
    35
    36
    36
    36
    36
    36
    36
    36
    36
    27
    27
    27
    27
    27
    27
    27
    27
    28
    28
    28
    28
    28
    28
    28
    28
    31
    31
    31
    31
    31
    31
    31
    31
    32
    32
    32
    32
    32
    32
    32
    32
    39
    39
    39
    39
    39
    39
    39
    39
    40
    40
    40
    40
    40
    40
    40
    40
    37
    37
    37
    37
    37
    37
    37
    37
    38
    38
    38
    38
    38
    38
    38
    38
    29
    29
    29
    29
    29
    29
    29
    29
    30
    30
    30
    30
    30
    30
    30
    30

jK is verified
-------------------------------------
-------------------------------------
H


    1.5000    0.5000         0    0.5000    0.0858         0         0         0         0         0         0         0
    0.5000    1.5000    0.5000    0.0858    0.5000    0.0858         0         0         0         0         0         0
         0    0.5000    1.5000         0    0.0858    0.5000         0         0         0         0         0         0
    0.5000    0.0858         0    1.5000    0.5000         0    0.5000    0.0858         0         0         0         0
    0.0858    0.5000    0.0858    0.5000    1.5000    0.5000    0.0858    0.5000    0.0858         0         0         0
         0    0.0858    0.5000         0    0.5000    1.5000         0    0.0858    0.5000         0         0         0
         0         0         0    0.5000    0.0858         0    1.5000    0.5000         0    0.5000    0.0858         0
         0         0         0    0.0858    0.5000    0.0858    0.5000    1.5000    0.5000    0.0858    0.5000    0.0858
         0         0         0         0    0.0858    0.5000         0    0.5000    1.5000         0    0.0858    0.5000
         0         0         0         0         0         0    0.5000    0.0858         0    1.5000    0.5000         0
         0         0         0         0         0         0    0.0858    0.5000    0.0858    0.5000    1.5000    0.5000
         0         0         0         0         0         0         0    0.0858    0.5000         0    0.5000    1.5000

H is verified
-------------------------------------
----------------
iH

     1
     1
     1
     1
     2
     2
     2
     2
     2
     2
     3
     3
     3
     3
     4
     4
     4
     4
     4
     4
     5
     5
     5
     5
     5
     5
     5
     5
     5
     6
     6
     6
     6
     6
     6
     7
     7
     7
     7
     7
     7
     8
     8
     8
     8
     8
     8
     8
     8
     8
     9
     9
     9
     9
     9
     9
    10
    10
    10
    10
    11
    11
    11
    11
    11
    11
    12
    12
    12
    12
     1
     1
     1
     1
     1
     1
     1
     1
     1
     1
     1
     1
     1
     1
     1
     1
     1
     1
     1
     1
     1
     1
     1
     1
     1
     1
     1
     1
     1
     1
     1
     1
     1
     1
     1
     1
     1
     1

iH is verified
-------------------------
-------------------------
jH

     1
     2
     4
     5
     1
     2
     3
     4
     5
     6
     2
     3
     5
     6
     1
     2
     4
     5
     7
     8
     1
     2
     3
     4
     5
     6
     7
     8
     9
     2
     3
     5
     6
     8
     9
     4
     5
     7
     8
    10
    11
     4
     5
     6
     7
     8
     9
    10
    11
    12
     5
     6
     8
     9
    11
    12
     7
     8
    10
    11
     7
     8
     9
    10
    11
    12
     8
     9
    11
    12
     1
     1
     1
     1
     1
     1
     1
     1
     1
     1
     1
     1
     1
     1
     1
     1
     1
     1
     1
     1
     1
     1
     1
     1
     1
     1
     1
     1
     1
     1
     1
     1
     1
     1
     1
     1
     1
     1

jH is verified
-------------------------
-------------------------
sH

    1.5000
    0.5000
    0.5000
    0.0858
    0.5000
    1.5000
    0.5000
    0.0858
    0.5000
    0.0858
    0.5000
    1.5000
    0.0858
    0.5000
    0.5000
    0.0858
    1.5000
    0.5000
    0.5000
    0.0858
    0.0858
    0.5000
    0.0858
    0.5000
    1.5000
    0.5000
    0.0858
    0.5000
    0.0858
    0.0858
    0.5000
    0.5000
    1.5000
    0.0858
    0.5000
    0.5000
    0.0858
    1.5000
    0.5000
    0.5000
    0.0858
    0.0858
    0.5000
    0.0858
    0.5000
    1.5000
    0.5000
    0.0858
    0.5000
    0.0858
    0.0858
    0.5000
    0.5000
    1.5000
    0.0858
    0.5000
    0.5000
    0.0858
    1.5000
    0.5000
    0.0858
    0.5000
    0.0858
    0.5000
    1.5000
    0.5000
    0.0858
    0.5000
    0.5000
    1.5000
         0
         0
         0
         0
         0
         0
         0
         0
         0
         0
         0
         0
         0
         0
         0
         0
         0
         0
         0
         0
         0
         0
         0
         0
         0
         0
         0
         0
         0
         0
         0
         0
         0
         0
         0
         0
         0
         0

sH is verified
-------------------------
xnew

--------------------------
Hs

   (1,1)       2.5858
   (2,1)       3.1716
   (3,1)       2.5858
   (4,1)       3.1716
   (5,1)       3.8431
   (6,1)       3.1716
   (7,1)       3.1716
   (8,1)       3.8431
   (9,1)       3.1716
  (10,1)       2.5858
  (11,1)       3.1716
  (12,1)       2.5858

Hs is verified
--------------------------

-------------------------------
nodenrs

     1     5     9    13    17
     2     6    10    14    18
     3     7    11    15    19
     4     8    12    16    20

nodenrs is verified
-------------------------------
-------------------------------
edofVec

     3
     5
     7
    11
    13
    15
    19
    21
    23
    27
    29
    31

edofVec is verified
indices-1 is what I have
------------------------------
edofMat

     3     4    11    12     9    10     1     2
     5     6    13    14    11    12     3     4
     7     8    15    16    13    14     5     6
    11    12    19    20    17    18     9    10
    13    14    21    22    19    20    11    12
    15    16    23    24    21    22    13    14
    19    20    27    28    25    26    17    18
    21    22    29    30    27    28    19    20
    23    24    31    32    29    30    21    22
    27    28    35    36    33    34    25    26
    29    30    37    38    35    36    27    28
    31    32    39    40    37    38    29    30

fixeddof

     1     3     5     7    40
----------------------------------------------------------
alldof

1     2     3     4     5     6     7     8     9    10    11    12    13    14    15    16    17    18    19    20    21    22

    23    24    25    26    27    28    29    30    31    32    33    34    35    36    37    38    39    40

alldof is verified
----------------------------------------------------------
----------------------------------------------------------
freedof

   2     4     6     8     9    10    11    12    13    14    15    16    17    18    19    20    21    22    23    24    25    26

    27    28    29    30    31    32    33    34    35    36    37    38    39

freedof is verified
----------------------------------------------------------
----------------------------------------------------------
sk

    0.0618
    0.0223
   -0.0378
   -0.0017
   -0.0309
   -0.0223
    0.0069
    0.0017
    0.0223
    0.0618
    0.0017
    0.0069
   -0.0223
   -0.0309
   -0.0017
   -0.0378
   -0.0378
    0.0017
    0.0618
   -0.0223
    0.0069
   -0.0017
   -0.0309
    0.0223
   -0.0017
    0.0069
   -0.0223
    0.0618
    0.0017
   -0.0378
    0.0223
   -0.0309
   -0.0309
   -0.0223
    0.0069
    0.0017
    0.0618
    0.0223
   -0.0378
   -0.0017
   -0.0223
   -0.0309
   -0.0017
   -0.0378
    0.0223
    0.0618
    0.0017
    0.0069
    0.0069
   -0.0017
   -0.0309
    0.0223
   -0.0378
    0.0017
    0.0618
   -0.0223
    0.0017
   -0.0378
    0.0223
   -0.0309
   -0.0017
    0.0069
   -0.0223
    0.0618
    0.0618
    0.0223
   -0.0378
   -0.0017
   -0.0309
   -0.0223
    0.0069
    0.0017
    0.0223
    0.0618
    0.0017
    0.0069
   -0.0223
   -0.0309
   -0.0017
   -0.0378
   -0.0378
    0.0017
    0.0618
   -0.0223
    0.0069
   -0.0017
   -0.0309
    0.0223
   -0.0017
    0.0069
   -0.0223
    0.0618
    0.0017
   -0.0378
    0.0223
   -0.0309
   -0.0309
   -0.0223
    0.0069
    0.0017
    0.0618
    0.0223
   -0.0378
   -0.0017
   -0.0223
   -0.0309
   -0.0017
   -0.0378
    0.0223
    0.0618
    0.0017
    0.0069
    0.0069
   -0.0017
   -0.0309
    0.0223
   -0.0378
    0.0017
    0.0618
   -0.0223
    0.0017
   -0.0378
    0.0223
   -0.0309
   -0.0017
    0.0069
   -0.0223
    0.0618
    0.0618
    0.0223
   -0.0378
   -0.0017
   -0.0309
   -0.0223
    0.0069
    0.0017
    0.0223
    0.0618
    0.0017
    0.0069
   -0.0223
   -0.0309
   -0.0017
   -0.0378
   -0.0378
    0.0017
    0.0618
   -0.0223
    0.0069
   -0.0017
   -0.0309
    0.0223
   -0.0017
    0.0069
   -0.0223
    0.0618
    0.0017
   -0.0378
    0.0223
   -0.0309
   -0.0309
   -0.0223
    0.0069
    0.0017
    0.0618
    0.0223
   -0.0378
   -0.0017
   -0.0223
   -0.0309
   -0.0017
   -0.0378
    0.0223
    0.0618
    0.0017
    0.0069
    0.0069
   -0.0017
   -0.0309
    0.0223
   -0.0378
    0.0017
    0.0618
   -0.0223
    0.0017
   -0.0378
    0.0223
   -0.0309
   -0.0017
    0.0069
   -0.0223
    0.0618
    0.0618
    0.0223
   -0.0378
   -0.0017
   -0.0309
   -0.0223
    0.0069
    0.0017
    0.0223
    0.0618
    0.0017
    0.0069
   -0.0223
   -0.0309
   -0.0017
   -0.0378
   -0.0378
    0.0017
    0.0618
   -0.0223
    0.0069
   -0.0017
   -0.0309
    0.0223
   -0.0017
    0.0069
   -0.0223
    0.0618
    0.0017
   -0.0378
    0.0223
   -0.0309
   -0.0309
   -0.0223
    0.0069
    0.0017
    0.0618
    0.0223
   -0.0378
   -0.0017
   -0.0223
   -0.0309
   -0.0017
   -0.0378
    0.0223
    0.0618
    0.0017
    0.0069
    0.0069
   -0.0017
   -0.0309
    0.0223
   -0.0378
    0.0017
    0.0618
   -0.0223
    0.0017
   -0.0378
    0.0223
   -0.0309
   -0.0017
    0.0069
   -0.0223
    0.0618
    0.0618
    0.0223
   -0.0378
   -0.0017
   -0.0309
   -0.0223
    0.0069
    0.0017
    0.0223
    0.0618
    0.0017
    0.0069
   -0.0223
   -0.0309
   -0.0017
   -0.0378
   -0.0378
    0.0017
    0.0618
   -0.0223
    0.0069
   -0.0017
   -0.0309
    0.0223
   -0.0017
    0.0069
   -0.0223
    0.0618
    0.0017
   -0.0378
    0.0223
   -0.0309
   -0.0309
   -0.0223
    0.0069
    0.0017
    0.0618
    0.0223
   -0.0378
   -0.0017
   -0.0223
   -0.0309
   -0.0017
   -0.0378
    0.0223
    0.0618
    0.0017
    0.0069
    0.0069
   -0.0017
   -0.0309
    0.0223
   -0.0378
    0.0017
    0.0618
   -0.0223
    0.0017
   -0.0378
    0.0223
   -0.0309
   -0.0017
    0.0069
   -0.0223
    0.0618
    0.0618
    0.0223
   -0.0378
   -0.0017
   -0.0309
   -0.0223
    0.0069
    0.0017
    0.0223
    0.0618
    0.0017
    0.0069
   -0.0223
   -0.0309
   -0.0017
   -0.0378
   -0.0378
    0.0017
    0.0618
   -0.0223
    0.0069
   -0.0017
   -0.0309
    0.0223
   -0.0017
    0.0069
   -0.0223
    0.0618
    0.0017
   -0.0378
    0.0223
   -0.0309
   -0.0309
   -0.0223
    0.0069
    0.0017
    0.0618
    0.0223
   -0.0378
   -0.0017
   -0.0223
   -0.0309
   -0.0017
   -0.0378
    0.0223
    0.0618
    0.0017
    0.0069
    0.0069
   -0.0017
   -0.0309
    0.0223
   -0.0378
    0.0017
    0.0618
   -0.0223
    0.0017
   -0.0378
    0.0223
   -0.0309
   -0.0017
    0.0069
   -0.0223
    0.0618
    0.0618
    0.0223
   -0.0378
   -0.0017
   -0.0309
   -0.0223
    0.0069
    0.0017
    0.0223
    0.0618
    0.0017
    0.0069
   -0.0223
   -0.0309
   -0.0017
   -0.0378
   -0.0378
    0.0017
    0.0618
   -0.0223
    0.0069
   -0.0017
   -0.0309
    0.0223
   -0.0017
    0.0069
   -0.0223
    0.0618
    0.0017
   -0.0378
    0.0223
   -0.0309
   -0.0309
   -0.0223
    0.0069
    0.0017
    0.0618
    0.0223
   -0.0378
   -0.0017
   -0.0223
   -0.0309
   -0.0017
   -0.0378
    0.0223
    0.0618
    0.0017
    0.0069
    0.0069
   -0.0017
   -0.0309
    0.0223
   -0.0378
    0.0017
    0.0618
   -0.0223
    0.0017
   -0.0378
    0.0223
   -0.0309
   -0.0017
    0.0069
   -0.0223
    0.0618
    0.0618
    0.0223
   -0.0378
   -0.0017
   -0.0309
   -0.0223
    0.0069
    0.0017
    0.0223
    0.0618
    0.0017
    0.0069
   -0.0223
   -0.0309
   -0.0017
   -0.0378
   -0.0378
    0.0017
    0.0618
   -0.0223
    0.0069
   -0.0017
   -0.0309
    0.0223
   -0.0017
    0.0069
   -0.0223
    0.0618
    0.0017
   -0.0378
    0.0223
   -0.0309
   -0.0309
   -0.0223
    0.0069
    0.0017
    0.0618
    0.0223
   -0.0378
   -0.0017
   -0.0223
   -0.0309
   -0.0017
   -0.0378
    0.0223
    0.0618
    0.0017
    0.0069
    0.0069
   -0.0017
   -0.0309
    0.0223
   -0.0378
    0.0017
    0.0618
   -0.0223
    0.0017
   -0.0378
    0.0223
   -0.0309
   -0.0017
    0.0069
   -0.0223
    0.0618
    0.0618
    0.0223
   -0.0378
   -0.0017
   -0.0309
   -0.0223
    0.0069
    0.0017
    0.0223
    0.0618
    0.0017
    0.0069
   -0.0223
   -0.0309
   -0.0017
   -0.0378
   -0.0378
    0.0017
    0.0618
   -0.0223
    0.0069
   -0.0017
   -0.0309
    0.0223
   -0.0017
    0.0069
   -0.0223
    0.0618
    0.0017
   -0.0378
    0.0223
   -0.0309
   -0.0309
   -0.0223
    0.0069
    0.0017
    0.0618
    0.0223
   -0.0378
   -0.0017
   -0.0223
   -0.0309
   -0.0017
   -0.0378
    0.0223
    0.0618
    0.0017
    0.0069
    0.0069
   -0.0017
   -0.0309
    0.0223
   -0.0378
    0.0017
    0.0618
   -0.0223
    0.0017
   -0.0378
    0.0223
   -0.0309
   -0.0017
    0.0069
   -0.0223
    0.0618
    0.0618
    0.0223
   -0.0378
   -0.0017
   -0.0309
   -0.0223
    0.0069
    0.0017
    0.0223
    0.0618
    0.0017
    0.0069
   -0.0223
   -0.0309
   -0.0017
   -0.0378
   -0.0378
    0.0017
    0.0618
   -0.0223
    0.0069
   -0.0017
   -0.0309
    0.0223
   -0.0017
    0.0069
   -0.0223
    0.0618
    0.0017
   -0.0378
    0.0223
   -0.0309
   -0.0309
   -0.0223
    0.0069
    0.0017
    0.0618
    0.0223
   -0.0378
   -0.0017
   -0.0223
   -0.0309
   -0.0017
   -0.0378
    0.0223
    0.0618
    0.0017
    0.0069
    0.0069
   -0.0017
   -0.0309
    0.0223
   -0.0378
    0.0017
    0.0618
   -0.0223
    0.0017
   -0.0378
    0.0223
   -0.0309
   -0.0017
    0.0069
   -0.0223
    0.0618
    0.0618
    0.0223
   -0.0378
   -0.0017
   -0.0309
   -0.0223
    0.0069
    0.0017
    0.0223
    0.0618
    0.0017
    0.0069
   -0.0223
   -0.0309
   -0.0017
   -0.0378
   -0.0378
    0.0017
    0.0618
   -0.0223
    0.0069
   -0.0017
   -0.0309
    0.0223
   -0.0017
    0.0069
   -0.0223
    0.0618
    0.0017
   -0.0378
    0.0223
   -0.0309
   -0.0309
   -0.0223
    0.0069
    0.0017
    0.0618
    0.0223
   -0.0378
   -0.0017
   -0.0223
   -0.0309
   -0.0017
   -0.0378
    0.0223
    0.0618
    0.0017
    0.0069
    0.0069
   -0.0017
   -0.0309
    0.0223
   -0.0378
    0.0017
    0.0618
   -0.0223
    0.0017
   -0.0378
    0.0223
   -0.0309
   -0.0017
    0.0069
   -0.0223
    0.0618
    0.0618
    0.0223
   -0.0378
   -0.0017
   -0.0309
   -0.0223
    0.0069
    0.0017
    0.0223
    0.0618
    0.0017
    0.0069
   -0.0223
   -0.0309
   -0.0017
   -0.0378
   -0.0378
    0.0017
    0.0618
   -0.0223
    0.0069
   -0.0017
   -0.0309
    0.0223
   -0.0017
    0.0069
   -0.0223
    0.0618
    0.0017
   -0.0378
    0.0223
   -0.0309
   -0.0309
   -0.0223
    0.0069
    0.0017
    0.0618
    0.0223
   -0.0378
   -0.0017
   -0.0223
   -0.0309
   -0.0017
   -0.0378
    0.0223
    0.0618
    0.0017
    0.0069
    0.0069
   -0.0017
   -0.0309
    0.0223
   -0.0378
    0.0017
    0.0618
   -0.0223
    0.0017
   -0.0378
    0.0223
   -0.0309
   -0.0017
    0.0069
   -0.0223
    0.0618

sK is verified
----------------------------------------------------------
----------------------------------------------
K

    0.0618   -0.0223    0.0069   -0.0017         0         0         0         0   -0.0378    0.0017   -0.0309    0.0223         0
   -0.0223    0.0618    0.0017   -0.0378         0         0         0         0   -0.0017    0.0069    0.0223   -0.0309         0
    0.0069    0.0017    0.1236         0    0.0069   -0.0017         0         0   -0.0309   -0.0223   -0.0755         0   -0.0309
   -0.0017   -0.0378         0    0.1236    0.0017   -0.0378         0         0   -0.0223   -0.0309         0    0.0137    0.0223
         0         0    0.0069    0.0017    0.1236         0    0.0069   -0.0017         0         0   -0.0309   -0.0223   -0.0755
         0         0   -0.0017   -0.0378         0    0.1236    0.0017   -0.0378         0         0   -0.0223   -0.0309         0
         0         0         0         0    0.0069    0.0017    0.0618    0.0223         0         0         0         0   -0.0309
         0         0         0         0   -0.0017   -0.0378    0.0223    0.0618         0         0         0         0   -0.0223
   -0.0378   -0.0017   -0.0309   -0.0223         0         0         0         0    0.1236         0    0.0137         0         0
    0.0017    0.0069   -0.0223   -0.0309         0         0         0         0         0    0.1236         0   -0.0755         0
   -0.0309    0.0223   -0.0755         0   -0.0309   -0.0223         0         0    0.0137         0    0.2473         0    0.0137
    0.0223   -0.0309         0    0.0137   -0.0223   -0.0309         0         0         0   -0.0755         0    0.2473         0
         0         0   -0.0309    0.0223   -0.0755         0   -0.0309   -0.0223         0         0    0.0137         0    0.2473
         0         0    0.0223   -0.0309         0    0.0137   -0.0223   -0.0309         0         0         0   -0.0755         0
         0         0         0         0   -0.0309    0.0223   -0.0378    0.0017         0         0         0         0    0.0137
         0         0         0         0    0.0223   -0.0309   -0.0017    0.0069         0         0         0         0         0
         0         0         0         0         0         0         0         0   -0.0378   -0.0017   -0.0309   -0.0223         0
         0         0         0         0         0         0         0         0    0.0017    0.0069   -0.0223   -0.0309         0
         0         0         0         0         0         0         0         0   -0.0309    0.0223   -0.0755         0   -0.0309
         0         0         0         0         0         0         0         0    0.0223   -0.0309         0    0.0137   -0.0223
         0         0         0         0         0         0         0         0         0         0   -0.0309    0.0223   -0.0755
         0         0         0         0         0         0         0         0         0         0    0.0223   -0.0309         0
         0         0         0         0         0         0         0         0         0         0         0         0   -0.0309
         0         0         0         0         0         0         0         0         0         0         0         0    0.0223
         0         0         0         0         0         0         0         0         0         0         0         0         0
         0         0         0         0         0         0         0         0         0         0         0         0         0
         0         0         0         0         0         0         0         0         0         0         0         0         0
         0         0         0         0         0         0         0         0         0         0         0         0         0
         0         0         0         0         0         0         0         0         0         0         0         0         0
         0         0         0         0         0         0         0         0         0         0         0         0         0
         0         0         0         0         0         0         0         0         0         0         0         0         0
         0         0         0         0         0         0         0         0         0         0         0         0         0
         0         0         0         0         0         0         0         0         0         0         0         0         0
         0         0         0         0         0         0         0         0         0         0         0         0         0
         0         0         0         0         0         0         0         0         0         0         0         0         0
         0         0         0         0         0         0         0         0         0         0         0         0         0
         0         0         0         0         0         0         0         0         0         0         0         0         0
         0         0         0         0         0         0         0         0         0         0         0         0         0
         0         0         0         0         0         0         0         0         0         0         0         0         0
         0         0         0         0         0         0         0         0         0         0         0         0         0

  Columns 14 through 26

         0         0         0         0         0         0         0         0         0         0         0         0         0
         0         0         0         0         0         0         0         0         0         0         0         0         0
    0.0223         0         0         0         0         0         0         0         0         0         0         0         0
   -0.0309         0         0         0         0         0         0         0         0         0         0         0         0
         0   -0.0309    0.0223         0         0         0         0         0         0         0         0         0         0
    0.0137    0.0223   -0.0309         0         0         0         0         0         0         0         0         0         0
   -0.0223   -0.0378   -0.0017         0         0         0         0         0         0         0         0         0         0
   -0.0309    0.0017    0.0069         0         0         0         0         0         0         0         0         0         0
         0         0         0   -0.0378    0.0017   -0.0309    0.0223         0         0         0         0         0         0
         0         0         0   -0.0017    0.0069    0.0223   -0.0309         0         0         0         0         0         0
         0         0         0   -0.0309   -0.0223   -0.0755         0   -0.0309    0.0223         0         0         0         0
   -0.0755         0         0   -0.0223   -0.0309         0    0.0137    0.0223   -0.0309         0         0         0         0
         0    0.0137         0         0         0   -0.0309   -0.0223   -0.0755         0   -0.0309    0.0223         0         0
    0.2473         0   -0.0755         0         0   -0.0223   -0.0309         0    0.0137    0.0223   -0.0309         0         0
         0    0.1236         0         0         0         0         0   -0.0309   -0.0223   -0.0378   -0.0017         0         0
   -0.0755         0    0.1236         0         0         0         0   -0.0223   -0.0309    0.0017    0.0069         0         0
         0         0         0    0.1236         0    0.0137         0         0         0         0         0   -0.0378    0.0017
         0         0         0         0    0.1236         0   -0.0755         0         0         0         0   -0.0017    0.0069
   -0.0223         0         0    0.0137         0    0.2473         0    0.0137         0         0         0   -0.0309   -0.0223
   -0.0309         0         0         0   -0.0755         0    0.2473         0   -0.0755         0         0   -0.0223   -0.0309
         0   -0.0309   -0.0223         0         0    0.0137         0    0.2473         0    0.0137         0         0         0
    0.0137   -0.0223   -0.0309         0         0         0   -0.0755         0    0.2473         0   -0.0755         0         0
    0.0223   -0.0378    0.0017         0         0         0         0    0.0137         0    0.1236         0         0         0
   -0.0309   -0.0017    0.0069         0         0         0         0         0   -0.0755         0    0.1236         0         0
         0         0         0   -0.0378   -0.0017   -0.0309   -0.0223         0         0         0         0    0.1236         0
         0         0         0    0.0017    0.0069   -0.0223   -0.0309         0         0         0         0         0    0.1236
         0         0         0   -0.0309    0.0223   -0.0755         0   -0.0309   -0.0223         0         0    0.0137         0
         0         0         0    0.0223   -0.0309         0    0.0137   -0.0223   -0.0309         0         0         0   -0.0755
         0         0         0         0         0   -0.0309    0.0223   -0.0755         0   -0.0309   -0.0223         0         0
         0         0         0         0         0    0.0223   -0.0309         0    0.0137   -0.0223   -0.0309         0         0
         0         0         0         0         0         0         0   -0.0309    0.0223   -0.0378    0.0017         0         0
         0         0         0         0         0         0         0    0.0223   -0.0309   -0.0017    0.0069         0         0
         0         0         0         0         0         0         0         0         0         0         0   -0.0378   -0.0017
         0         0         0         0         0         0         0         0         0         0         0    0.0017    0.0069
         0         0         0         0         0         0         0         0         0         0         0   -0.0309    0.0223
         0         0         0         0         0         0         0         0         0         0         0    0.0223   -0.0309
         0         0         0         0         0         0         0         0         0         0         0         0         0
         0         0         0         0         0         0         0         0         0         0         0         0         0
         0         0         0         0         0         0         0         0         0         0         0         0         0
         0         0         0         0         0         0         0         0         0         0         0         0         0

  Columns 27 through 39

         0         0         0         0         0         0         0         0         0         0         0         0         0
         0         0         0         0         0         0         0         0         0         0         0         0         0
         0         0         0         0         0         0         0         0         0         0         0         0         0
         0         0         0         0         0         0         0         0         0         0         0         0         0
         0         0         0         0         0         0         0         0         0         0         0         0         0
         0         0         0         0         0         0         0         0         0         0         0         0         0
         0         0         0         0         0         0         0         0         0         0         0         0         0
         0         0         0         0         0         0         0         0         0         0         0         0         0
         0         0         0         0         0         0         0         0         0         0         0         0         0
         0         0         0         0         0         0         0         0         0         0         0         0         0
         0         0         0         0         0         0         0         0         0         0         0         0         0
         0         0         0         0         0         0         0         0         0         0         0         0         0
         0         0         0         0         0         0         0         0         0         0         0         0         0
         0         0         0         0         0         0         0         0         0         0         0         0         0
         0         0         0         0         0         0         0         0         0         0         0         0         0
         0         0         0         0         0         0         0         0         0         0         0         0         0
   -0.0309    0.0223         0         0         0         0         0         0         0         0         0         0         0
    0.0223   -0.0309         0         0         0         0         0         0         0         0         0         0         0
   -0.0755         0   -0.0309    0.0223         0         0         0         0         0         0         0         0         0
         0    0.0137    0.0223   -0.0309         0         0         0         0         0         0         0         0         0
   -0.0309   -0.0223   -0.0755         0   -0.0309    0.0223         0         0         0         0         0         0         0
   -0.0223   -0.0309         0    0.0137    0.0223   -0.0309         0         0         0         0         0         0         0
         0         0   -0.0309   -0.0223   -0.0378   -0.0017         0         0         0         0         0         0         0
         0         0   -0.0223   -0.0309    0.0017    0.0069         0         0         0         0         0         0         0
    0.0137         0         0         0         0         0   -0.0378    0.0017   -0.0309    0.0223         0         0         0
         0   -0.0755         0         0         0         0   -0.0017    0.0069    0.0223   -0.0309         0         0         0
    0.2473         0    0.0137         0         0         0   -0.0309   -0.0223   -0.0755         0   -0.0309    0.0223         0
         0    0.2473         0   -0.0755         0         0   -0.0223   -0.0309         0    0.0137    0.0223   -0.0309         0
    0.0137         0    0.2473         0    0.0137         0         0         0   -0.0309   -0.0223   -0.0755         0   -0.0309
         0   -0.0755         0    0.2473         0   -0.0755         0         0   -0.0223   -0.0309         0    0.0137    0.0223
         0         0    0.0137         0    0.1236         0         0         0         0         0   -0.0309   -0.0223   -0.0378
         0         0         0   -0.0755         0    0.1236         0         0         0         0   -0.0223   -0.0309    0.0017
   -0.0309   -0.0223         0         0         0         0    0.0618    0.0223    0.0069    0.0017         0         0         0
   -0.0223   -0.0309         0         0         0         0    0.0223    0.0618   -0.0017   -0.0378         0         0         0
   -0.0755         0   -0.0309   -0.0223         0         0    0.0069   -0.0017    0.1236         0    0.0069    0.0017         0
         0    0.0137   -0.0223   -0.0309         0         0    0.0017   -0.0378         0    0.1236   -0.0017   -0.0378         0
   -0.0309    0.0223   -0.0755         0   -0.0309   -0.0223         0         0    0.0069   -0.0017    0.1236         0    0.0069
    0.0223   -0.0309         0    0.0137   -0.0223   -0.0309         0         0    0.0017   -0.0378         0    0.1236   -0.0017
         0         0   -0.0309    0.0223   -0.0378    0.0017         0         0         0         0    0.0069   -0.0017    0.0618
         0         0    0.0223   -0.0309   -0.0017    0.0069         0         0         0         0    0.0017   -0.0378   -0.0223

  Column 40

         0
         0
         0
         0
         0
         0
         0
         0
         0
         0
         0
         0
         0
         0
         0
         0
         0
         0
         0
         0
         0
         0
         0
         0
         0
         0
         0
         0
    0.0223
   -0.0309
   -0.0017
    0.0069
         0
         0
         0
         0
    0.0017
   -0.0378
   -0.0223
    0.0618

K is verified
-----------------------------

lmid iterations

lmid =

   500000000


lmid =

   250000000


lmid =

   125000000


lmid =

    62500000


lmid =

    31250000


lmid =

    15625000


lmid =

     7812500


lmid =

     3906250


lmid =

     1953125


lmid =

   9.7656e+05


lmid =

   4.8828e+05


lmid =

   2.4414e+05


lmid =

   1.2207e+05


lmid =

   6.1035e+04


lmid =

   3.0518e+04


lmid =

   1.5259e+04


lmid =

   7.6294e+03


lmid =

   3.8147e+03


lmid =

   1.9073e+03


lmid =

  953.6743


lmid =

  476.8372


lmid =

  238.4186


lmid =

  119.2093


lmid =

   59.6046


lmid =

   29.8023


lmid =

   44.7035


lmid =

   52.1541


lmid =

   55.8794


lmid =

   57.7420


lmid =

   58.6733


lmid =

   59.1390


lmid =

   59.3718


lmid =

   59.2554

lmid is verified
-----------------------
xnew iterations:

xnew =

    0.3000    0.3000    0.3000    0.3000
    0.3000    0.3000    0.3000    0.3000
    0.3000    0.3000    0.3000    0.3000


xnew =

    0.3000    0.3000    0.3000    0.3000
    0.3000    0.3000    0.3000    0.3000
    0.3000    0.3000    0.3000    0.3000


xnew =

    0.3000    0.3000    0.3000    0.3000
    0.3000    0.3000    0.3000    0.3000
    0.3000    0.3000    0.3000    0.3000


xnew =

    0.3000    0.3000    0.3000    0.3000
    0.3000    0.3000    0.3000    0.3000
    0.3000    0.3000    0.3000    0.3000


xnew =

    0.3000    0.3000    0.3000    0.3000
    0.3000    0.3000    0.3000    0.3000
    0.3000    0.3000    0.3000    0.3000


xnew =

    0.3000    0.3000    0.3000    0.3000
    0.3000    0.3000    0.3000    0.3000
    0.3000    0.3000    0.3000    0.3000


xnew =

    0.3000    0.3000    0.3000    0.3000
    0.3000    0.3000    0.3000    0.3000
    0.3000    0.3000    0.3000    0.3000


xnew =

    0.3000    0.3000    0.3000    0.3000
    0.3000    0.3000    0.3000    0.3000
    0.3000    0.3000    0.3000    0.3000


xnew =

    0.3000    0.3000    0.3000    0.3000
    0.3000    0.3000    0.3000    0.3000
    0.3000    0.3000    0.3000    0.3000


xnew =

    0.3000    0.3000    0.3000    0.3000
    0.3000    0.3000    0.3000    0.3000
    0.3000    0.3000    0.3000    0.3000


xnew =

    0.3000    0.3000    0.3000    0.3000
    0.3000    0.3000    0.3000    0.3000
    0.3000    0.3000    0.3000    0.3000


xnew =

    0.3000    0.3000    0.3000    0.3000
    0.3000    0.3000    0.3000    0.3000
    0.3000    0.3000    0.3000    0.3000


xnew =

    0.3000    0.3000    0.3000    0.3000
    0.3000    0.3000    0.3000    0.3000
    0.3000    0.3000    0.3000    0.3000


xnew =

    0.3000    0.3000    0.3000    0.3000
    0.3000    0.3000    0.3000    0.3000
    0.3000    0.3000    0.3000    0.3000


xnew =

    0.3000    0.3000    0.3000    0.3000
    0.3000    0.3000    0.3000    0.3000
    0.3000    0.3000    0.3000    0.3000


xnew =

    0.3000    0.3000    0.3000    0.3000
    0.3000    0.3000    0.3000    0.3000
    0.3000    0.3000    0.3000    0.3000


xnew =

    0.3000    0.3000    0.3000    0.3000
    0.3000    0.3000    0.3000    0.3000
    0.3000    0.3000    0.3000    0.3000


xnew =

    0.3000    0.3000    0.3000    0.3000
    0.3000    0.3000    0.3000    0.3000
    0.3000    0.3000    0.3000    0.3000


xnew =

    0.3000    0.3000    0.3000    0.3000
    0.3000    0.3000    0.3000    0.3000
    0.3000    0.3000    0.3000    0.3000


xnew =

    0.3000    0.3000    0.3000    0.3000
    0.3000    0.3000    0.3000    0.3000
    0.3000    0.3000    0.3000    0.3000


xnew =

    0.3000    0.3000    0.3000    0.3000
    0.3000    0.3000    0.3000    0.3000
    0.3000    0.3000    0.3000    0.3000


xnew =

    0.3775    0.3000    0.3000    0.3000
    0.3000    0.3000    0.3000    0.3000
    0.3040    0.3000    0.3000    0.3000


xnew =

    0.5338    0.3927    0.3000    0.3000
    0.3932    0.3281    0.3000    0.3065
    0.4299    0.3786    0.3416    0.4167


xnew =

    0.7000    0.5553    0.3585    0.3000
    0.5561    0.4640    0.4043    0.4334
    0.6079    0.5355    0.4831    0.5892


xnew =

    0.7000    0.7000    0.5070    0.3675
    0.7000    0.6561    0.5717    0.6129
    0.7000    0.7000    0.6832    0.7000


xnew =

    0.7000    0.6412    0.4140    0.3000
    0.6421    0.5357    0.4668    0.5004
    0.7000    0.6183    0.5578    0.6804


xnew =

    0.7000    0.5936    0.3833    0.3000
    0.5945    0.4960    0.4322    0.4633
    0.6499    0.5724    0.5164    0.6299


xnew =

    0.7000    0.5735    0.3703    0.3000
    0.5743    0.4792    0.4175    0.4476
    0.6278    0.5530    0.4989    0.6086


xnew =

    0.7000    0.5642    0.3642    0.3000
    0.5650    0.4714    0.4107    0.4403
    0.6176    0.5440    0.4908    0.5987


xnew =

    0.7000    0.5597    0.3613    0.3000
    0.5605    0.4676    0.4075    0.4368
    0.6127    0.5397    0.4869    0.5939


xnew =

    0.7000    0.5575    0.3599    0.3000
    0.5583    0.4658    0.4059    0.4351
    0.6103    0.5376    0.4850    0.5915


xnew =

    0.7000    0.5564    0.3592    0.3000
    0.5572    0.4649    0.4051    0.4342
    0.6091    0.5365    0.4840    0.5904


xnew =

    0.7000    0.5569    0.3596    0.3000
    0.5577    0.4653    0.4055    0.4347
    0.6097    0.5371    0.4845    0.5910


xnew in first iteration should be 

    0.3000    0.3000    0.3000    0.3000
    0.3000    0.3000    0.3000    0.3000
    0.3000    0.3000    0.3000    0.3000

x after one complete iteration

   0.7000    0.5569    0.3596    0.3000
    0.5577    0.4653    0.4055    0.4347
    0.6097    0.5371    0.4845    0.5910



