     0.3 0.443073 0.640438      0.7
0.442258 0.534668 0.594536 0.565325
  0.3903 0.462949 0.515495 0.409031 0.33677 0.457929 0.590563 0.714616
0.544831 0.550031 0.527302 0.530025
 0.44335 0.452187 0.465653 0.3883980.273313  0.43965 0.609256 0.756008
0.537583 0.550864 0.538198 0.553934
0.401927   0.4412 0.483575 0.4116260.302279  0.44902 0.601678 0.758393
0.571815 0.558902 0.517249 0.531712
0.424819 0.445868 0.461136 0.3765470.273606  0.43649 0.607982 0.772709
0.563992 0.554307 0.522534 0.549016
0.404501 0.437426 0.472217  0.403880.290976 0.444272 0.606463 0.772003
0.579095 0.559347  0.51322 0.535035
0.418719 0.442371 0.459418 0.3783960.275279 0.436631 0.609189 0.778565
0.572774 0.555639 0.516795 0.546491
0.406775 0.437054 0.467006 0.3981130.286341  0.44201 0.608501 0.777213
0.580748 0.558742 0.511798 0.537561
0.415712 0.440531 0.459293 0.3813750.277179 0.437512 0.610049 0.780707
0.576376 0.556416  0.51452 0.545087
0.408543 0.437452 0.464602  0.394630.284361 0.441105 0.609602 0.779498
0.581044  0.55841 0.511667 0.539417
 0.41429 0.439812 0.459906 0.3839770.277576 0.437448 0.609891 0.781124
0.577443 0.556246 0.512804 0.543523
0.408893 0.437057 0.462597 0.391617